,index,symbol,price2021-01-17,price2020-06-01,price_change,compare_to_btc,btc
0,1,BNBUSDT,41.9097,18.2,130.2730769231,-84.96,0.5406451190365196
1,2,NEOUSDT,22.899,13.2,73.4772727273,-227.94,0.30493736540497623
2,3,LTCUSDT,141.2,49.96,182.6261008807,-31.94,0.7579149305585615
3,4,QTUMUSDT,2.97,1.924,54.3659043659,-343.22,0.22562344831066272
4,5,ADAUSDT,0.36565,0.09039000000000001,304.5248368182,20.87,1.263805772764077
5,6,XRPUSDT,0.27344,0.2147,27.3591057289,-780.73,0.11354277739417565
6,7,IOTAUSDT,0.412,0.2585,59.3810444874,-305.78,0.24643673599844593
7,8,XLMUSDT,0.2975,0.08631000000000001,244.6877534469,1.52,1.015476433915566
8,9,TRXUSDT,0.02974,0.018240000000000003,63.048245614,-282.18,0.2616559542471396
9,10,ETCUSDT,7.5828,7.3195,3.5972402487,-6598.43,0.014928874241677742
10,11,ICXUSDT,0.6457,0.3537,82.555838281,-191.87,0.3426142382507626
11,12,VETUSDT,0.025942,0.007768,233.9598352214,-2.99,0.9709545974545816
12,13,LINKUSDT,20.676,4.6185,347.6778174732,30.69,1.442894567732626
13,15,BTTUSDT,0.0003496,0.00033989999999999997,2.8537805237000002,-8343.49,0.011843448756880509
14,16,ONGUSDT,0.2198,0.14400000000000002,52.6388888889,-357.76,0.21845617698957664
15,17,HOTUSDT,0.0006889,0.0006588,4.5689131755,-5173.87,0.01896140527250962
16,18,ZILUSDT,0.07216,0.022680000000000002,218.1657848325,-10.45,0.9054078516936277
17,19,ZRXUSDT,0.5368,0.3578,50.0279485746,-381.65,0.20762053719076212
18,20,FETUSDT,0.08331,0.029930000000000002,178.349482125,-35.1,0.740166573715696
19,21,BATUSDT,0.2579,0.248,3.9919354839,-5936.13,0.016566895369741024
20,22,XMRUSDT,152.56,70.31,116.9819371355,-105.98,0.48548567993890934
21,23,ZECUSDT,102.77,55.37,85.6059237854,-181.47,0.3552723705337001
22,24,IOSTUSDT,0.018265,0.005431,236.31007181,-1.97,0.9807082930777969
23,25,CELRUSDT,0.00626,0.00316,98.1012658228,-145.62,0.4071291765811994
24,26,DASHUSDT,122.81,82.28,49.2586290715,-389.17,0.2044277912746114
25,27,NANOUSDT,3.2911,1.1197,193.9269447173,-24.25,0.804814460419657
26,28,OMGUSDT,3.4818,1.7899,94.5248337896,-154.92,0.39228665832658854
27,30,ENJUSDT,0.233,0.21941000000000002,6.1938835969,-3790.27,0.02570518033070697
28,31,MITHUSDT,0.00886,0.0057,55.4385964912,-334.64,0.2300752182041051
29,32,MATICUSDT,0.03252,0.0227,43.2599118943,-457.0,0.1795325693382465
30,33,ATOMUSDT,8.689,3.2,171.53125,-40.48,0.7118702902018336
31,34,TFUELUSDT,0.026378,0.009951,165.0788865441,-45.97,0.6850923949446182
32,35,ONEUSDT,0.00689,0.0043,60.2325581395,-300.05,0.24997059510943154
33,36,FTMUSDT,0.02724,0.006750000000000001,303.5555555556,20.62,1.2597831673572237
34,37,ALGOUSDT,0.5168,0.262,97.2519083969,-147.77,0.40360426600507693
35,38,GTOUSDT,0.01294,0.0078000000000000005,65.8974358974,-265.66,0.27348035308924096
36,40,DOGEUSDT,0.0090305,0.0027,234.462962963,-2.77,0.9730426233473642
37,41,DUSKUSDT,0.0564,0.0318,77.358490566,-211.48,0.3210447724761187
38,42,ANKRUSDT,0.008936,0.002629,239.901103081,-0.44,0.9956113994972431
39,43,NPXSUSDT,0.0003731,0.00015309999999999998,143.696930111,-67.69,0.5963553308171553
40,44,COCOSUSDT,0.000515,0.000404,27.4752475248,-777.0,0.11402477641156691
41,45,MTLUSDT,0.4251,0.3357,26.6309204647,-804.81,0.1105207423110829
42,46,TOMOUSDT,1.3279,0.432,207.3842592593,-16.19,0.8606635398634953
43,47,PERLUSDT,0.02876,0.02143,34.2043863742,-604.47,0.14195131472765107
44,48,DENTUSDT,0.0002997,0.0002542,17.8992918961,-1246.19,0.07428368951129334
45,49,MFTUSDT,0.003005,0.0009100000000000001,230.2197802198,-4.66,0.9554330289977562
46,50,KEYUSDT,0.002366,0.00119,98.8235294118,-143.83,0.410126636173569
47,51,DOCKUSDT,0.022743,0.0092,147.2065217391,-63.69,0.6109204553107125
48,52,WANUSDT,0.3474,0.2215,56.8397291196,-323.93,0.23589004606078057
49,53,FUNUSDT,0.015515,0.003584,332.8962053571,27.62,1.381549532896472
50,55,CHZUSDT,0.018756,0.012993,44.3546525052,-443.25,0.1840758424524873
51,58,HBARUSDT,0.0579,0.04542,27.4768824306,-776.95,0.11403156141935003
52,59,STXUSDT,0.4741,0.155,205.8709677419,-17.04,0.8543832424153539
53,60,KAVAUSDT,2.0479,1.18,73.5508474576,-227.61,0.30524270722817276
54,61,ARPAUSDT,0.0231,0.012280000000000001,88.1107491857,-173.47,0.3656676237870664
55,62,IOTXUSDT,0.007768,0.00574,35.331010453,-582.0,0.14662690713383786
56,63,RLCUSDT,1.0803,0.56,92.9107142857,-159.34,0.3855879155630295
57,64,BCHUSDT,474.88,269.61,76.1359000037,-216.48,0.3159709104341728
58,65,TROYUSDT,0.0037915,0.0037185,1.9631571870000002,-12174.03,0.00814728089733798
59,66,FTTUSDT,9.208,3.175,190.0157480315,-26.81,0.7885826384061354
60,67,EURUSDT,1.2049,1.1317,6.4681452682,-3625.31,0.026843391213794286
61,68,BTSUSDT,0.02506,0.02443,2.5787965616,-9243.84,0.0107022403012727
62,69,BNTUSDT,1.7303,0.8165,111.9167176975,-115.3,0.46446455853237245
63,70,LTOUSDT,0.18376,0.056900000000000006,222.9525483304,-8.08,0.9252733556200411
64,71,STRATUSDT,0.4904,0.3849,27.4097168096,-779.1,0.11375281798272927
65,72,COTIUSDT,0.0583,0.023680000000000003,146.1993243243,-64.82,0.6067404944233277
66,73,STPTUSDT,0.01851,0.015,23.4,-929.74,0.09711212849392112
67,74,XZCUSDT,5.722,5.06,13.0830039526,-1741.77,0.05429565645005851
68,75,CTSIUSDT,0.04915,0.037480000000000006,31.13660619,-673.88,0.1292197479140128
69,77,ARDRUSDT,0.08,0.05299,50.9718814871,-372.73,0.2115379446389818
70,79,MDTUSDT,0.02138,0.0154,38.8311688312,-520.53,0.16115288278224954
72,81,LRCUSDT,0.37949,0.17500000000000002,116.8514285714,-106.21,0.48494405752666847
73,82,SCUSDT,0.004465,0.00419,6.5632458234,-3571.33,0.02723806716834239
74,83,ZENUSDT,23.8,8.9,167.4157303371,-43.93,0.6947905092478677
75,86,ADAUPUSDT,19.5,9.12,113.8157894737,-111.71,0.4723458791455995
76,87,LINKUPUSDT,13.775,10.8,27.5462962963,-774.74,0.11431963527597902
77,88,MKRUSDT,1477.33,845.0,74.8319526627,-222.0,0.3105594103603054
78,89,DCRUSDT,54.904,25.0,119.616,-101.44,0.4964172804243106
79,90,STORJUSDT,0.381,0.21430000000000002,77.7881474568,-209.76,0.32282788765507886
80,91,BNBUPUSDT,32.626,10.46,211.9120458891,-13.71,0.8794542662304268
82,94,LUNAUSDT,0.806,0.5397000000000001,49.3422271632,-388.34,0.2047747309593557
83,95,RSRUSDT,0.03925,0.0385,1.9480519481,-12269.21,0.008084592781911135
85,97,EGLDUSDT,36.568,35.0,4.48,-5278.54,0.018592407506528488
86,98,RUNEUSDT,1.8905,1.3,45.4230769231,-430.48,0.1885099009720235
89,101,AVAXUSDT,13.7322,7.0,96.1742857143,-150.54,0.39913203385034973
90,102,ALPHAUSDT,0.47532,0.15,216.88,-11.1,0.9000717276821202
91,103,AAVEUSDT,186.66,59.0,216.3728813559,-11.36,0.8979671391809448
92,104,NEARUSDT,2.6846,1.88,42.7978723404,-463.02,0.17761506316185285
93,105,YFIUPUSDT,14.331,12.3,16.512195122,-1359.28,0.06852711172668212
94,106,INJUSDT,6.0584,1.49,306.6040268456,21.41,1.2724346005035705
95,107,AKROUSDT,0.013985,0.0125,11.88,-1928.27,0.049303080619990725
96,108,AXSUSDT,0.61001,0.29,110.3482758621,-118.36,0.45795538224798754
97,109,AVAUSDT,1.3431,1.05,27.9142857143,-763.21,0.11584682483346702
98,110,AAVEUPUSDT,55.296,16.449,236.1663322998,-2.03,0.9801117610357372
99,111,SUSHIUPUSDT,33.05,11.53,186.643538595,-29.1,0.774587662504178
100,112,XLMUPUSDT,18.184,12.921,40.7321414751,-491.57,0.16904209216933697
